140
242
253
0
154
78
126
238
86
45
93
171
131
122
66
30
200
152
197
20
35
131
1
121
148
202
63
41
34
105
69
91
2
27
65
178
28
186
64
196
143
246
159
169
71
158
49
91
104
38
67
107
186
163
113
240
118
176
108
19
18
8
175
136
44
138
133
96
194
95
4
11
106
167
41
214
78
113
159
*
86
4
224
29
98
57
69
52
58
132
15
221
207
159
206
135
140
46
130
142
74
135
17
153
19
66
123
169
234
158
176
169
15
64
131
172
205
185
187
143
205
32
139
137
153
146
246
132
4
172
7
76
157
111
55
99
35
127
231
71
52
17
48
8
120
228
239
220
101
114
